0
1
2
4
5
6
15
16
17
19
20
21
23
24
27
28
32
41
45
48
49
53
57
59
74
80
89
100
134
255
256
257
258
262
279
285
307
312
328
329
335
358
371
388
391
392
406
423
457
477
478
484
485
491
506
507
516
524
547
555
560
587
589
590
591
616
618
629
631
635
649
666
667
672
685
690
719
736
738
762
775
951
981
1009
1010
1012
1013
1044
1046
1051
1067
1083
1084
1085
1087
1095
1097
1099
1104
1108
1111
1114
1119
1120
1122
1129
1135
1138
1140
1145
1147
1156
1158
1162
1164
1172
1184
1202
1207
1215
1221
1229
1236
1248
1253
1265
1275
1287
1295
1309
1317
1335
1368
1369
1427
1429
1444
1446
1449
1453
1455
1485
1522
1556
1620
1714
1741
1761
1789
1829
1842
1852
1858
1881
1907
1910
1912
1914
1918
1921
1923
1925
1926
1930
1936
1938
1942
1944
1947
1949
1952
1958
1964
1969
1976
1981
1988
1994
2001
2006
2017
2026
2040
2046
2053
2059
2075
2080
2090
2092
2095
2099
2100
2107
2113
2126
2134
2136
2151
2173
2188
2229
2251
2298
2325
2349
2353
2360
2367
2385
2393
2401
2420
2421
2422
2423
2424
2425
2426
2427
2430
2436
2445
2450
2457
2462
2468
2473
2480
2485
2496
2498
2499
2501
2503
2512
2513
2519
2533
2539
2613
2614
2617
2624
2636
2641
2651
2652
2655
2658
2659
2662
2675
2676
2679
2684
2696
2700
2707
2710
2711
2714
2717
2720
2723
2726
2729
2732
2735
2736
2737
2738
2741
2744
2749
2754
2755
2756
2757
2758
2759
2760
2763
2766
2770
2775
2776
2778
2783
2784
2785
2786
2787
2790
2793
2796
2799
2800
2802
2808
2809
2810
2815
2818
2821
2822
2825
2827
2833
2839
2842
2845
2848
2849
2877
2878
2881
2884
2887
2922
2924
2939
2940
2963
2972
2986
3001
3020
3025
3043
3050
3089
3103
