0
1
2
4
5
6
15
16
17
19
20
21
23
24
27
28
32
33
34
35
36
38
39
40
41
42
43
44
45
48
49
53
57
59
74
78
80
89
100
121
122
130
131
132
133
134
135
136
137
138
139
209
216
225
226
232
233
234
235
236
237
255
256
257
258
260
261
262
266
267
279
281
282
285
286
287
307
311
312
328
329
333
334
335
339
340
358
369
370
371
374
375
383
384
388
389
390
391
392
406
421
422
423
427
428
455
456
457
460
461
477
478
484
485
491
497
498
505
506
507
510
511
516
524
546
547
550
555
560
585
587
589
590
591
604
605
606
609
610
616
618
629
631
634
635
649
666
667
672
673
674
675
685
689
690
691
692
693
718
719
730
736
738
762
763
764
771
772
773
774
775
779
780
781
782
836
837
838
887
910
911
912
945
946
947
951
952
953
954
981
1009
1010
1012
1013
1044
1046
1049
1050
1051
1053
1054
1064
1065
1066
1067
1083
1084
1085
1087
1095
1097
1099
1104
1108
1111
1114
1119
1120
1122
1129
1135
1138
1140
1145
1147
1156
1158
1162
1164
1168
1169
1170
1171
1172
1174
1175
1182
1183
1184
1185
1186
1196
1200
1201
1202
1203
1204
1205
1206
1207
1208
1209
1213
1214
1215
1217
1218
1219
1220
1221
1222
1223
1226
1227
1228
1229
1230
1231
1233
1234
1235
1236
1237
1238
1246
1247
1248
1249
1250
1251
1252
1253
1254
1255
1263
1264
1265
1267
1268
1271
1272
1275
1276
1277
1285
1286
1287
1288
1289
1292
1293
1295
1296
1297
1307
1308
1309
1310
1311
1314
1315
1317
1318
1319
1328
1329
1330
1335
1346
1358
1368
1369
1370
1379
1427
1429
1433
1444
1446
1447
1449
1450
1453
1455
1468
1483
1484
1485
1487
1488
1508
1509
1520
1521
1522
1523
1524
1531
1545
1556
1566
1569
1584
1585
1596
1602
1604
1607
1617
1620
1625
1626
1655
1661
1665
1666
1672
1676
1678
1683
1684
1686
1687
1697
1698
1700
1709
1714
1715
1716
1721
1722
1725
1730
1731
1734
1735
1741
1746
1751
1761
1767
1768
1772
1773
1775
1776
1777
1779
1782
1785
1786
1789
1804
1808
1813
1814
1816
1817
1818
1819
1820
1823
1824
1825
1829
1840
1841
1842
1843
1844
1850
1851
1852
1853
1854
1858
1874
1881
1888
1889
1907
1910
1912
1914
1918
1921
1923
1925
1926
1930
1936
1938
1942
1944
1947
1949
1950
1951
1952
1954
1955
1956
1957
1958
1959
1960
1962
1963
1964
1965
1966
1967
1968
1969
1970
1971
1974
1975
1976
1977
1978
1979
1980
1981
1982
1983
1986
1987
1988
1989
1990
1991
1992
1993
1994
1995
1996
1999
2000
2001
2002
2003
2004
2005
2006
2007
2008
2013
2015
2016
2017
2020
2021
2023
2024
2026
2027
2028
2037
2038
2039
2040
2041
2042
2044
2045
2046
2047
2048
2051
2052
2053
2054
2055
2057
2058
2059
2060
2061
2070
2075
2080
2086
2089
2090
2092
2094
2095
2096
2099
2100
2107
2112
2113
2117
2126
2128
2130
2134
2136
2146
2148
2149
2150
2151
2152
2153
2159
2168
2169
2171
2173
2174
2175
2188
2191
2192
2197
2198
2199
2200
2201
2202
2220
2226
2228
2229
2243
2244
2245
2246
2249
2250
2251
2267
2268
2269
2280
2281
2282
2283
2284
2285
2289
2290
2291
2298
2303
2310
2311
2320
2322
2324
2325
2349
2352
2353
2360
2366
2367
2372
2373
2379
2383
2384
2385
2386
2387
2391
2392
2393
2394
2395
2397
2401
2404
2420
2421
2422
2423
2424
2425
2426
2427
2428
2429
2430
2431
2432
2434
2435
2436
2437
2438
2443
2444
2445
2446
2447
2448
2449
2450
2451
2452
2455
2456
2457
2458
2459
2460
2461
2462
2463
2464
2466
2467
2468
2469
2470
2471
2472
2473
2474
2475
2480
2483
2485
2490
2494
2496
2498
2499
2501
2503
2512
2513
2517
2518
2519
2520
2521
2531
2532
2533
2534
2535
2539
2548
2552
2563
2592
2596
2599
2602
2604
2613
2614
2615
2616
2617
2619
2620
2622
2623
2624
2625
2626
2627
2628
2629
2630
2631
2632
2634
2635
2636
2637
2638
2639
2640
2641
2642
2643
2651
2652
2653
2654
2655
2656
2657
2658
2659
2660
2661
2662
2663
2664
2675
2676
2677
2678
2679
2680
2681
2682
2683
2684
2685
2686
2696
2700
2701
2702
2703
2704
2705
2707
2708
2709
2710
2711
2712
2713
2714
2715
2716
2717
2718
2719
2720
2721
2722
2723
2724
2725
2726
2727
2728
2729
2730
2731
2732
2733
2734
2735
2736
2737
2738
2739
2740
2741
2742
2743
2744
2747
2748
2749
2750
2751
2752
2753
2754
2755
2756
2757
2758
2759
2760
2761
2762
2763
2764
2765
2766
2767
2768
2769
2770
2771
2772
2773
2774
2775
2776
2778
2779
2780
2781
2782
2783
2784
2785
2786
2787
2788
2789
2790
2791
2792
2793
2794
2795
2796
2797
2798
2799
2800
2802
2804
2805
2806
2807
2808
2809
2810
2813
2814
2815
2816
2817
2818
2819
2820
2821
2822
2823
2824
2825
2827
2829
2830
2831
2832
2833
2837
2838
2839
2840
2841
2842
2843
2844
2845
2846
2847
2848
2849
2851
2852
2853
2855
2856
2859
2860
2861
2862
2866
2867
2868
2869
2870
2871
2873
2874
2875
2876
2877
2878
2879
2880
2881
2882
2883
2884
2885
2886
2887
2891
2892
2893
2894
2895
2896
2897
2898
2899
2900
2901
2902
2903
2904
2905
2906
2907
2908
2909
2910
2913
2914
2917
2922
2923
2924
2926
2927
2928
2929
2930
2931
2932
2933
2934
2935
2936
2937
2938
2939
2940
2955
2961
2962
2963
2972
2975
2984
2986
2991
2992
2993
2994
3001
3005
3006
3007
3009
3010
3013
3018
3019
3020
3025
3035
3042
3043
3050
3055
3073
3074
3089
3100
3103
3114
